50,3
51,3
67,3
67,2
51,1
51,0
50,2
50,1
50,0
20,3
20,1
20,0
19,3
19,1
19,0
16,3
16,1
16,0
15,3
15,1
15,0
14,3
14,1
12,3
12,1
12,0
11,3
11,1
11,0
10,3
10,1
10,0
9,3
9,1
9,0
7,3
7,1
7,0
6,4
6,1
5,3
5,1
5,0
4,3
4,1
4,0
0,408
0,367
0,348
0,322
0,243
67,5
67,4
67,1
67,0
1,1
1,3
1,0
2,1
2,3
2,0
0,9
0,310
0,305
0,308
0,304
0,303
0,302
0,307
0,12
0,10
0,8
0,0
0,416
0,300
0,415
0,299
0,433
0,298
0,432
0,297
0,431
0,296
0,414
0,295
0,413
0,294
0,430
0,293
0,429
0,292
0,428
0,291
0,437
0,290
0,412
0,289
0,411
0,288
0,410
0,287
0,409
0,286
0,407
0,285
0,436
0,284
0,427
0,283
0,406
0,282
0,405
0,281
0,404
0,280
0,403
0,279
0,435
0,278
0,426
0,277
0,425
0,276
0,402
0,275
